1
2
3
4
5
6
7
8
9
01
02
03
04
05
06
07
08
09
10
20
30
40
50
60
70
80
90
12
123
1234
12345
123456
1234567
12345678
123456789
1234567890
012
0123
01234
012345
0123456
01234567
012345678
0123456789
11
22
33
44
55
66
77
88
99
00
000
111
222
333
444
555
666
777
888
999
0000
1111
2222
3333
4444
5555
6666
7777
8888
9999
00000
11111
22222
33333
44444
55555
66666
77777
88888
99999
000000
111111
222222
333333
444444
555555
666666
777777
888888
999999
0000000
1111111
2222222
3333333
4444444
5555555
6666666
7777777
8888888
9999999
00000000
11111111
22222222
33333333
44444444
55555555
66666666
77777777
88888888
99999999
000000000
111111111
222222222
333333333
444444444
555555555
666666666
777777777
888888888
999999999
0000000000
1111111111
2222222222
3333333333
4444444444
5555555555
6666666666
7777777777
8888888888
9999999999
234567891
2345678901
345678912
3456789012
456789123
4567890123
567891234
5678901234
678912345
6789012345
789123456
7890123456
891234567
8901234567
912345678
9012345678
13579
24680
02468
2357
13
135
1357
24
246
2468
97531
8642
86420
7532
